39245
20445
39337
58809
15811
13582
7421
49804
62713
55166
23248
45847
61046
63469
8948
56503
28295
55831
50661
3269
30275
52518
64556
14338
20701
64504
45963
11288
31191
64596
3637
4900
19505
42974
63710
35316
56557
5595
19584
53734
60761
42832
34045
56271
40765
42993
47238
3525
33288
32364
6794
63564
19346
5815
12366
40047
4783
58329
51335
35974
57389
54972
40874
11358
32411
39048
46674
23432
44644
723
11630
39869
43555
45675
30605
18785
23132
12307
22310
56420
44671
29104
54448
64017
34919
1279
38529
39702
59608
24328
10140
51462
13765
51015
62820
46176
24527
43959
4072
3635
44682
15702
43505
22701
61377
8574
41486
18973
20881
63796
9857
17
27365
64306
64034
62284
49
37027
36451
59657
61356
46591
45583
9585
32070
42868
55761
56598
21291
59833
60233
437
9999
38202
23138
5840
46776
64625
24813
2122
62885
34670
2139
24714
33440
637
21463
33489
37665
57914
27611
33485
38969
7658
43070
5504
50526
33295
62102
6281
27592
56799
6718
37591
29466
29857
43431
10706
28946
2708
12828
26295
37378
14967
51010
5283
15605
6937
38772
53270
64851
847
21219
38284
8506
64289
43788
59032
32048
40354
65314
59640
31618
6496
31695
61084
36353
9590
6254
65299
12298
19083
26059
49676
34050
11533
54959
49655
18470
28196
37389
17785
29043
58608
56069
37549
57361
34322
31046
23873
9140
30824
17977
40758
37320
49672
36306
8138
59262
42561
7901
6024
61644
33960
55701
30158
45493
45124
14278
63963
7784
51667
16212
36828
44740
6746
8841
36565
41068
39887
60439
50208
5175
12880
25431
42496
62553
61737
50634
56279
38762
58535
62304
34870
26960
52469
65029
6917
32057
13771
5345
39842
65438
21557
11134
44642
28303
19975
15672
3835
59863
10575
54044
65038
23455
13939
41998
20472
10140
27096
11216
48903
20096
7984
18237
47056
60453
17730
53973
26974
31501
59318
1280
31404
15340
12414
10510
43643
32390
26182
47479
26717
36757
35987
26219
60213
49926
2682
15149
60066
29778
26365
43433
49874
34349
61671
31394
29266
13865
19832
56241
45367
13614
57521
11235
28954
4400
21745
7062
36790
47928
54541
63507
19149
24992
24190
13826
9382
26872
28976
3912
56651
55341
47346
40989
24155
43481
6848
53421
57346
26680
44126
37177
40294
36112
48412
3713
40512
4622
10775
11766
52550
65316
9737
6163
24772
33927
19990
34154
60800
48966
38066
51915
38771
19876
27368
62926
63357
34216
50812
55168
60896
29402
26809
35655
65514
9686
39368
40490
14308
50143
52256
1322
49923
61993
7485
9159
30385
27475
43313
25649
10905
15843
12028
49677
35720
39396
47067
33541
8077
32343
23173
3437
61746
49983
39092
61724
59669
12924
36679
8441
63067
23399
9763
47454
19857
17248
56613
50242
44724
34390
10355
55629
50234
22383
39770
20418
61779
21302
53959
4320
53645
11597
7758
49855
61580
46850
46044
55713
59775
17187
64154
57306
40586
8381
39225
60443
25629
30302
45149
4817
64693
55504
60447
49391
12351
34681
4273
8595
55983
58232
12915
44093
4293
20673
28412
337
1988
8920
56050
61763
26107
54668
53533
1158
63049
27222
61601
23143
57525
41215
27960
56682
31183
22871
40537
43535
57553
44810
52130
48000
37506
65045
26557
41800
20183
54970
42137
22171
63890
32652
18398
24462
21784
6395
25620
19298
33618
21685
42441
25607
62900
4865
16753
28548
27737
57290
6547
19754
36564
58677
2218
8534
58186
28776
50334
12833
18210
26936
35004
16564
59588
53402
41026
15836
59798
1110
35134
27880
22796
12039
53487
20160
16905
4704
48708
44642
61994
55255
64396
33022
48396
1078
41556
41047
29854
26355
53880
48064
53291
23349
64629
47343
11215
40119
63179
5477
41230
32778
33357
64026
44817
21308
18650
61722
26012
1823
40828
22470
57078
39688
55492
39939
40767
31513
15450
5085
57868
3794
53150
45623
27143
52243
27430
38359
26826
25073
43836
2520
57851
11658
1010
37133
32966
19661
33319
58979
21484
8612
15913
13026
48300
5870
52965
23531
37383
2879
28617
29715
6674
16231
9802
33817
2938
37232
6640
29764
62305
50477
32285
54621
62135
33295
26218
29565
52956
59537
23008
8904
2613
38922
21931
50914
44792
9360
8909
16639
12240
37526
46354
18914
53757
56156
52731
56695
27852
59372
20924
24621
44313
53209
13706
40912
20968
39924
4941
8389
33926
27950
17293
36539
1336
39224
21917
46128
48585
30827
62767
60825
2817
43585
14203
56575
34205
1398
47734
62057
60770
3122
21142
39547
56331
34849
14923
11764
9237
19865
20153
43163
47815
37446
14167
49151
11135
36084
29743
59720
1375
26974
55009
4193
5023
3676
60768
39228
5074
42966
35749
309
46089
56891
39856
36884
26204
54780
48648
35442
9109
3265
13069
56924
40712
27236
40539
51847
63321
4746
46031
64696
31720
35504
3353
36743
39180
64121
10435
44254
41552
46184
44563
22105
37539
18884
58989
63744
8128
42102
33650
17237
45367
46719
8625
20543
8420
49164
6854
6205
53910
52885
5365
20094
22853
8719
56837
62033
7304
1736
40752
48856
47920
19779
5425
19923
38663
64415
18131
46791
40981
51781
64028
20812
32965
7117
41356
41385
56281
48210
47590
44655
35560
52955
64749
58413
61674
56050
54911
3443
57786
30127
52299
40170
49906
57725
60094
23034
56604
12689
4289
32049
64471
2782
52861
31900
9899
28681
7749
645
11356
55339
45300
46916
42758
44514
39793
38897
35028
29168
42340
27279
59295
29103
1913
43666
21292
62007
1164
12360
9161
5453
44409
8096
8235
31735
39996
18135
60416
47745
18780
6236
37548
64080
53152
14770
43058
27410
53667
12551
56578
30471
39830
50338
59575
41743
28468
15331
38215
29632
27692
47376
35085
6565
55472
43321
38300
29932
61456
33181
12141
14700
39417
49689
13244
27034
64459
56303
54444
52591
3318
45486
17526
43148
30288
11565
19355
58756
26897
57570
22852
54589
39410
57938
61154
29346
35723
33919
59278
31643
1564
5883
46343
40981
55572
59587
2479
54496
50354
56923
41551
53672
36874
59077
31284
1626
5107
50640
60383
32004
42674
17699
21057
16549
10101
16675
45895
45824
50594
39638
11931
52158
45521
58274
27604
35558
52326
30083
24518
37144
21471
533
25281
58345
59610
56565
59971
64717
41669
54818
31185
18808
6982
52242
35357
17083
3382
15716
62908
53976
55354
9303
40599
